41
25
2 2 2 2 2 2 2 2 2 2 2 4 4 4 2 2 5 10 10 2 10 2 2 2 4 4 4 2 6 6 6 2 2 2 2 4 4 4 2 2 2 
2 1 1 1 1 1 1 1 1 1 1 1 1 1 1 1 1 1 1 1 1 1 1 1 1 1 1 1 1 1 1 1 1 1 1 1 1 1 1 1 2 
1 1 1 1 1 1 1 1 1 1 1 1 1 1 1 1 1 11 11 11 1 1 1 1 1 1 1 1 1 1 1 1 1 1 1 1 1 1 1 1 1 
2 1 1 1 1 1 1 1 1 1 1 1 1 1 1 1 1 1 1 1 1 1 1 1 1 1 1 1 1 1 1 1 1 1 1 1 1 1 1 1 2 
1 1 1 1 1 1 1 1 1 1 1 1 1 1 1 1 1 12 1 12 1 12 1 1 1 1 1 1 1 1 1 1 1 1 1 1 1 1 1 1 1 
2 1 1 1 1 1 1 1 1 1 1 1 1 1 1 1 1 1 1 1 1 1 1 1 1 1 1 1 1 1 1 1 1 1 1 1 1 1 1 1 2 
1 1 1 1 1 1 1 1 1 1 1 1 1 1 1 1 1 1 13 13 13 1 1 1 1 1 1 1 1 1 1 1 1 1 1 1 1 1 1 1 1 
2 1 1 1 1 1 1 1 1 1 1 1 1 1 1 1 1 9 3 9 9 3 9 1 1 1 1 1 1 1 1 1 1 1 1 1 1 1 1 1 2 
1 1 1 1 1 1 1 1 1 1 1 1 1 1 1 1 1 1 14 14 14 14 1 1 1 1 1 1 1 1 1 1 1 7 7 7 1 1 1 1 1 
2 1 1 1 1 1 1 1 1 1 1 1 1 1 1 1 1 1 1 1 6 6 6 3 1 1 1 1 1 1 1 1 1 1 8 1 1 1 1 1 2 
1 1 1 1 1 1 1 1 1 1 1 1 3 4 4 4 1 1 1 15 1 5 15 1 15 1 1 1 1 1 1 1 1 1 8 1 1 1 1 1 1 
2 1 1 1 1 1 1 1 1 1 1 1 1 1 5 1 1 1 1 1 1 5 1 1 1 1 1 1 1 1 1 1 1 1 8 1 1 1 1 1 2 
1 1 1 1 1 1 1 1 1 1 1 1 1 1 5 1 1 1 1 16 1 5 16 16 1 1 1 1 1 1 1 1 1 1 8 1 1 1 1 1 1 
2 1 1 1 1 1 1 3 3 3 1 1 1 1 5 1 1 1 1 5 5 5 5 5 3 1 1 1 1 1 1 1 1 1 1 1 1 1 1 1 2 
1 1 1 1 1 1 1 1 1 1 1 1 1 1 1 1 1 1 1 17 17 17 1 1 1 1 1 1 1 1 1 1 1 1 1 1 1 1 1 1 1 
2 1 1 1 1 1 1 1 1 1 1 1 1 1 1 1 1 1 1 18 18 18 1 1 1 1 1 1 1 1 1 1 1 1 1 9 9 9 1 1 2 
1 1 1 1 1 1 1 1 1 1 1 1 1 1 1 1 1 1 1 19 19 19 1 1 1 1 1 1 1 1 1 1 1 1 1 1 8 1 1 1 1 
2 1 1 1 2 1 2 1 1 1 1 1 1 1 2 1 1 1 1 20 20 20 1 1 1 1 2 1 2 1 2 1 2 1 2 1 8 1 2 1 2 
4 4 4 1 2 1 2 2 2 2 2 1 2 2 2 2 2 2 2 21 21 21 2 2 2 1 2 2 2 1 2 1 2 1 2 1 8 1 2 1 2 
2 2 2 2 2 2 2 2 2 2 2 2 2 3 3 3 2 2 2 22 22 3 22 2 2 2 2 2 2 2 1 1 2 2 2 2 8 2 2 2 2 
2 2 2 1 2 1 2 2 2 1 2 1 2 2 2 1 2 2 3 23 23 1 23 1 2 1 2 2 9 9 9 1 2 1 2 1 2 1 2 1 2 
2 1 2 1 2 1 1 1 2 1 2 1 2 1 2 1 2 1 1 1 2 1 1 1 1 1 2 1 1 1 2 1 1 1 2 1 1 1 1 1 2 
2 1 2 1 2 2 2 1 2 1 2 1 2 1 2 1 2 1 2 24 24 2 24 2 2 1 2 2 2 1 2 2 2 1 2 1 2 4 4 4 2 
2 1 1 1 1 1 1 1 1 1 2 1 2 1 1 1 2 1 2 1 1 1 2 1 1 1 1 1 2 1 2 1 2 1 1 1 2 1 2 1 2 
2 1 2 2 3 3 3 1 2 2 2 1 2 1 2 4 4 4 2 2 2 1 3 3 3 1 2 2 2 1 2 1 2 1 4 4 4 1 2 1 2 
